 v 18435455.4 3459193.29 8.4
 v 18435800.8 3459517.753 7
 v 18434764.59 3458868.827 10.5
 v 18438909.43 3460166.68 8.4
 v 18443959.05 3461251.15 9.5
 v 18442453 3462720 9.5
 v 18449249.64 3463319.457 9.5
 v 18435656.36 3460921.63 9.5
 v 18432943.12 3462400.52 10.5
 v 18443796.08 3459442.74 9.5
 v 18442854.27 3459508.46 10.2
 v 18445799.32 3459927.51 8.4
 v 18439909.22 3458251.31 8.4
 v 18440622.29 3462323.27 10.5
 v 18442015.66 3462639.688 0
 v 18437835.56 3460741.18 61
 v 18435954.58 3458518.19 10.5
 v 18445359.48 3462964.17 10.5
 v 18439748.07 3463083.9 10.5
 v 18441822.28 3463565.62 9.8
 v 18441555.24 3464297.9 10.2
 v 18440487.08 3465213.25 10.2
 v 18442623.4 3460636.5 10.2
 v 18441167.76 3460416.82 13.3
 v 18439245 3459366 13.1
 v 18435825.92 3458047.4 8.6
 v 18444614.83 3458901.788 45
 v 18444614.83 3457193.012 10.5
 v 18444614.83 3461464.95 93
 v 18440878 3465421 41
 v 18445346 3462930 28
 v 18446547.24 3464098.543 84
 v 18440541.04 3458255.83 7
 v 18440377.36 3456944.52 33
 v 18441032.08 3462189.76 25
 v 18439918.73 3458314.31 47
 v 18439893.65 3459073.25 23
 v 18440044.14 3457555.37 34
 v 18442841.81 3459494.76 9.9
 v 18442604.85 3459539.87 60.6
 v 18443789.63 3459449.65 73.4
 v 18444050.69 3458805.435 58.1
 v 18442484.34 3460738.08 49.9
 v 18443968.21 3461251.98 5.8
 v 18439942 3460601 72.7
 v 18442427.25 3458769.93 6.6
 v 18444084.08 3462432.07 23
 v 18437456.75 3462432.07 11.1
 v 18441581.88 3462492.98 40.7
 v 18443793.44 3459450.89 20
 v 18443778.26 3459455.84 25
 v 18443329.54 3460476.345 39
 v 18444675.71 3458435.335 18.3
 v 18440188.47 3461496.85 25
 v 18439644.56 3461879.76 6.2
 v 18443971.36 3461252.55 30
 v 18443326.45 3461210.534 29
 v 18444616.27 3461462.63 10.5
 v 18445222.37 3461205.27 36
 v 18441585.75 3462492.07 10.5
 v 18441970.63 3459361.71 12.7
 v 18447822.5 3460416.08 10.5
 v 18436118.76 3457252.97 10.5
 v 18444646 3461422 50
 v 18447167.8 3461238.888 47
 v 18439602.4 3462337.56 71.5
 v 18439360.8 3463432.08 20
 v 18439844 3459054 69
 v 18438713.98 3464347.96 22
 v 18438725.41 3464318.16 59.4
 v 18437699.01 3466134.547 61.5
 v 18436672.62 3458869 11.9
 v 18442831 3458869 38.8
 v 18441143.21 3460145.51 11.2
 v 18442841.75 3459490.57 41.5
 v 18444637.9 3461438.5 64.2
 v 18444211.04 3461436.496 36.1
 v 18446345.35 3461444.513 48.5
 v 18441223 3461414.45 21
 v 18445354.99 3462955.38 29
 v 18436710 3460461 20.3
 v 18436484.27 3460369.403 41
 v 18437838.65 3460735.79 11.9
 v 18437838.47 3460736.39 25
 v 18437839.36 3460733.39 12.2
 v 18442867.91 3459529.66 10.5
 v 18442405.74 3459547.292 12.9
 v 18443792.25 3459441.5 30
 v 18441827 3463572 8.6
 v 18442670.91 3464336.13 8.4
 v 18437607.45 3462043.74 11.2
 v 18436306.13 3462681.54 10.5
 v 18442812.71 3458854.74 10.2
 v 18436710.49 3460459.75 12.9
 v 18439248.41 3459389.07 22
 v 18435857.98 3458764.185 12.6
 v 18434162.77 3458139.3 14.6
 v 18442638.84 3460638.84 10.2
 v 18442816 3458854 19
 v 18443788 3459458.92 12.9
 v 18445357.96 3462960.46 16.2
 v 18446982.95 3462790.162 10.5
 v 18437233 3463641.653 20.3
 v 18437233 3460916.88 20.6
 v 18437234.8 3460913.09 21.8
 v 18437456.75 3462432.07 65.2
 v 18435671.68 3463952.485 17.6
 v 18439241.82 3459391.24 12.9
 v 18438711.43 3459045.633 26.4
 v 18441363.39 3460773.67 20
 v 18436870.39 3458024.74 12.6
 v 18433911.74 3457729.786 25.9
 v 18442787.69 3459499.51 23.5
 v 18441312.5 3461790.32 12.8
 v 18441039.29 3463263.3 16.2
 v 18442405.36 3460317.34 13.3
 v 18442414.87 3460343.653 20.3
 v 18442367.32 3460238.4 18.3
 v 18442787.74 3459503.34 15.6
 v 18439433 3466912 0
 v 18439155.67 3467626.76 11.5
 v 18437491.7 3464767.72 11.8
 v 18440819.64 3464767.72 14.5
 v 18442526.75 3462719.32 10.5
 v 18441222.9 3461418.59 12.6
 v 18438733.42 3460716.4 14.6
 v 18439446.9 3460880.952 68
 v 18435166.01 3460058.193 50
 v 18442300.83 3463349.23 9.1
 v 18439837.99 3459062.55 38.5
 v 18439841.74 3459062.69 11.8
 v 18438242.42 3458271.92 43.4
 v 18444639.7 3461435 39.4
 v 18445067.24 3461834.19 12.3
 v 18443784.62 3459439.05 10.5
 v 18435655.65 3460918.4 71
 v 18435595.25 3461495.773 12.9
 v 18435776.45 3458608.91 17.6
 v 18441343.81 3460777.37 11.2
 v 18438724.43 3460303.09 21
 v 18443963.19 3461251.65 14.6
 v 18445001.26 3461892.752 9.8
 v 18438772.82 3458046.14 10.4
 v 18439935.07 3460601.91 12.5
 v 18439244.51 3459393.63 17.6
 v 18441156.08 3459685.738 9.1
 v 18443067.65 3460123.9 17.6
 v 18437332.94 3457933.09 10.4
 v 18439869.04 3459047.15 13.2
 v 18440619 3462326 13.4
 v 18438512.39 3458231.61 14.5
 v 18438773.76 3458411.026 14.6
 v 18437205.52 3457334.532 13
 v 18442433 3462717 14.3
 v 18442350.42 3462747.28 10.2
 v 18439162.01 3457434.35 9.8
 v 18436830.11 3462273.87 54.4
 v 18446157.72 3462273.87 25
 v 18448190.56 3466982 0
 v 18440059.19 3457565.74 9.8
 v 18441392.13 3460778.77 9.8
 v 18435455.4 3459193.29 9.8
 v 18436318.91 3459301.444 9.8
 v 18433728.38 3458868.827 13.2
 v 18432001.37 3458544.363 12.9
 v 18438909.43 3460166.68 14.5
 v 18443959.05 3460257.053 16.8
 v 18433859.81 3459895.563 16.8
 v 18443959.05 3459556.666 20.1
 v 18443959.05 3461251.15 19.2
 v 18443791.71 3461414.356 12.6
 v 18444461.07 3460761.533 10.1
 v 18444862.68 3460271.917 10.4
 v 18442453 3462720 22.7
 v 18442113.17 3462120.543 11.4
 v 18444152.16 3463319.457 14.3
 v 18446276.11 3463799.022 15.2
 v 18435656.36 3460921.63 22.7
 v 18443796.08 3460773.741 17.3
 v 18443796.08 3461661.075 11.3
 v 18443796.08 3462770.242 16.2
 v 18443796.08 3459442.74 12.5
 v 18443560.63 3459455.884 16.9
 v 18444737.89 3459377.02 11.3
 v 18445679.7 3459311.3 12.9
 v 18442854.27 3459508.46 22.7
 v 18442118.01 3458879.885 24.1
 v 18444326.8 3460765.61 16
 v 18448744.37 3462022.76 16.2
 v 18439909.22 3458251.31 10.8
 v 18440146.91 3462323.27 16.2
 v 18439196.15 3462323.27 16.4
 v 18438483.08 3462323.27 15.2
 v 18440622.29 3462323.27 10.6
 v 18440482.95 3462125.509 17.3
 v 18441318.97 3462718.793 12.5
 v 18444802.39 3464696.405 17.5
 v 18437835.56 3460741.18 16
 v 18434073.6 3461482.177 17.6
 v 18445359.48 3460000.183 16
 v 18445359.48 3457036.197 17.5
 v 18445359.48 3462964.17 13.2
 v 18444735.99 3462977.473 10.1
 v 18447229.95 3462924.26 17
 v 18439748.07 3462764.62 16.2
 v 18439748.07 3463083.9 0
 v 18439886.35 3463324.76 14
 v 18439056.67 3462843.04 12.4
 v 18438134.8 3462481.75 75.9
 v 18441822.28 3463565.62 16.6
 v 18442089.32 3463419.164 17.6
 v 18441555.24 3464297.9 19.2
 v 18441021.16 3465518.367 10.1
 v 18442623.4 3460636.5 8.6
 v 18442380.79 3460581.58 11.5
 v 18443108.61 3460691.42 11.3
 v 18444079.04 3460966.02 14.6
 v 18441167.76 3460416.82 16.3
 v 18440927.42 3460206.656 14.5
 v 18441648.45 3461467.64 13.9
 v 18442249.31 3461887.968 16.6
 v 18439245 3459366 16.6
 v 18438817.62 3459036.35 14.7
 v 18440954.54 3460025.3 11.5
 v 18442664.08 3462003.2 17.5
 v 18435825.92 3458047.4 17.5
 v 18436802.47 3457193.012 12
 v 18432896.28 3461464.95 17.3
 v 18444614.83 3461464.95 17.3
 v 18444614.83 3461464.95 11.7
 v 18443680.62 3462453.963 20.1
 v 18446483.24 3460475.938 20.1
 v 18447604.29 3459486.925 16.3
 v 18440878 3465421 18
 v 18441101.4 3464798.25 21.3
 v 18439761 3466666.5 21.5
 v 18438364.75 3467600.625 15.1
 v 18445346 3462930 12.8
 v 18443744.35 3461371.943 12.8
 v 18446947.65 3467604.17 11
 v 18448549.31 3458255.83 11
 v 18440541.04 3458255.83 13.8
 v 18440786.56 3459042.616 13.8
 v 18440050 3457469.044 15.9
 v 18439558.96 3462189.76 8.6
 v 18441032.08 3462189.76 14.6
 v 18440753.74 3461866.806 14.6
 v 18441310.42 3463158.622 12
 v 18441774.31 3464369.701 9.5
 v 18439918.73 3458314.31 19.9
 v 18439960.53 3458219.443 21
 v 18439793.32 3458504.045 17.3
 v 18439542.5 3458741.214 21
 v 18440044.14 3457555.37 21.7
 v 18440218.99 3457749.309 21.7
 v 18439344.72 3457167.492 21.7
 v 18437596.18 3456702.038 14.6
 v 18442841.81 3459494.76 14.6
 v 18443078.77 3459472.205 14.6
 v 18442604.85 3459517.315 16.6
 v 18442012.47 3459534.231 18.2
 v 18443789.63 3459449.65 14.6
 v 18443572.08 3459610.704 14.3
 v 18444442.28 3459127.543 18
 v 18444931.76 3458590.697 14.3
 v 18442484.34 3460738.08 18.6
 v 18442731.65 3460823.73 12.9
 v 18441742.41 3460566.78 18.9
 v 18439516.6 3460338.38 18.8
 v 18443968.21 3461251.98 15.8
 v 18442961.66 3461219.431 8.4
 v 18447994.42 3461382.176 7
 v 18439942 3461642.568 10.5
 v 18439942 3460601 8.4
 v 18439817.74 3460753.589 9.5
 v 18440439.05 3460143.233 9.5
 v 18441184.63 3457854.395 9.5
 v 18437456.75 3462432.07 9.5
 v 18437915.1 3462435.877 10.5
 v 18436081.71 3462416.843 9.5
 v 18433331.62 3462397.808 10.2
 v 18441581.88 3462492.98 8.4
 v 18441827.61 3461478.95 8.4
 v 18440844.69 3465535.07 10.5
 v 18437895.95 3459450.89 0
 v 18443793.44 3459450.89 61
 v 18443791.54 3459451.303 10.5
 v 18443797.24 3459449.24 10.5
 v 18443801.98 3459445.94 10.5
 v 18443778.26 3459455.84 9.8
 v 18443479.11 3459537.48 10.2
 v 18444974.86 3459047.638 10.2
 v 18449761.24 3458435.335 10.2
 v 18440188.47 3461496.85 13.3
 v 18440161.27 3461515.996 13.1
 v 18440324.45 3461401.123 8.6
 v 18440664.39 3461281.463 45
 v 18439644.56 3461879.76 10.5
 v 18441807.96 3461837.946 93
 v 18435317.76 3462005.202 41
 v 18443971.36 3462155.732 28
 v 18443971.36 3461252.55 84
 v 18444132.59 3461294.566 7
 v 18443326.45 3461210.534 33
 v 18443068.49 3460958.438 25
 v 18444616.27 3461462.63 47
 v 18444010.17 3461565.574 23
 v 18445222.37 3460947.91 34
 v 18448859 3460561.87 9.9
 v 18441585.75 3462492.07 60.6
 v 18441970.63 3462179.034 73.4
 v 18441200.87 3463118.142 58.1
 v 18441008.43 3464996.358 49.9
 v 18441970.63 3459361.71 5.8
 v 18441385.44 3458939.962 72.7
 v 18444896.56 3461470.45 6.6
 v 18447822.5 3463579.19 23
 v 18436118.76 3457252.97 11.1
 v 18437824.21 3457774.099 40.7
 v 18434413.31 3456210.713 20
 v 18432366.77 3461422 25
 v 18444646 3461422 39
 v 18444085.6 3461536.445 18.3
 v 18446327.2 3460964.22 25
 v 18447672.16 3460689.552 6.2
 v 18439602.4 3462337.56 30
 v 18439626.56 3461927.115 29
 v 18439554.08 3463979.34 10.5
 v 18439264.16 3465210.675 36
 v 18439844 3459054 10.5
 v 18439749.83 3459318.698 12.7
 v 18440126.51 3457995.208 10.5
 v 18440479.64 3456407.02 10.5
 v 18438713.98 3464347.96 50
 v 18438717.79 3464344.235 47
 v 18438702.55 3464355.41 71.5
 v 18438679.69 3464362.86 20
 v 18438725.41 3464318.16 69
 v 18439181.59 3463773.244 22
 v 18437356.88 3467042.74 59.4
 v 18435988.35 3458869 61.5
 v 18442831 3458869 11.9
 v 18442725.51 3459294.503 38.8
 v 18443252.95 3457592.49 11.2
 v 18443780.38 3457081.886 41.5
 v 18441143.21 3460145.51 64.2
 v 18441228.14 3460036.353 36.1
 v 18440718.58 3460363.823 48.5
 v 18440187.78 3460582.137 21
 v 18442841.75 3459490.57 29
 v 18443739.83 3459685.363 20.3
 v 18441943.68 3459100.984 41
 v 18439249.45 3458633.481 11.9
 v 18444637.9 3461438.5 25
 v 18442930.45 3461437.298 12.2
 v 18446345.35 3461444.513 10.5
 v 18441223 3461459.544 12.9
 v 18441223 3461414.45 30
 v 18441388.28 3461671.272 8.6
 v 18440396.6 3460643.985 8.4
 v 18435438.21 3459873.52 11.2
 v 18445354.99 3462955.38 10.5
 v 18444274.37 3460461 10.2
 v 18447516.24 3465449.76 12.9
 v 18436710 3460461 22
 v 18436710 3460461 12.6
 v 18436992.16 3460471.992 14.6
 v 18435581.35 3460406.042 10.2
 v 18434828.92 3460076.294 19
 v 18437838.65 3460735.79 12.9
 v 18437838.69 3460733.39 16.2
 v 18437838.51 3460738.19 10.5
 v 18437838.22 3460739.15 20.3
 v 18437839.36 3460733.39 20.6
 v 18442867.91 3460673.204 21.8
 v 18432810.81 3460974.136 65.2
 v 18442867.91 3461263.031 17.6
 v 18442867.91 3459529.66 12.9
 v 18443176.02 3459518.64 26.4
 v 18442559.8 3459573.74 20
 v 18441327.34 3459617.82 12.6
 v 18443792.25 3459441.5 25.9
 v 18443137.17 3460818.333 23.5
 v 18444447.33 3458064.667 12.8
 v 18445757.5 3463572 16.2
 v 18441827 3463572 13.3
 v 18441616.02 3463470.116 20.3
 v 18442670.91 3464081.42 18.3
 v 18443936.78 3464760.647 15.6
 v 18437607.45 3462043.74 0
 v 18437867.71 3461844.428 11.5
 v 18436566.4 3462840.99 11.8
 v 18435317.14 3463638.24 14.5
 v 18442812.71 3458854.74 10.5
 v 18439761.6 3458988.491 12.6
 v 18448914.93 3458319.737 14.6
 v 18436710.49 3457784.733 68
 v 18436710.49 3460459.75 50
 v 18436921.98 3460192.08 9.1
 v 18436076.01 3460995.09 38.5
 v 18434489.81 3461396.595 11.8
 v 18439248.41 3459389.07 43.4
 v 18439417.93 3459493.218 39.4
 v 18438400.8 3458972.48 12.3
 v 18436988.12 3458555.89 10.5
 v 18442638.84 3460638.84 71
 v 18442660.99 3460341.367 12.9
 v 18442550.26 3461531.26 17.6
 v 18442417.39 3462200.575 11.2
 v 18442816 3458854 21
 v 18443059 3458929.615 14.6
 v 18442330 3458702.77 9.8
 v 18440872 3458513.733 10.4
 v 18443788 3459458.92 12.5
 v 18443866.5 3461209.69 17.6
 v 18443395.51 3457708.15 9.1
 v 18441433.06 3462960.46 17.6
 v 18445357.96 3462960.46 10.4
 v 18443732.97 3462279.267 13.2
 v 18446982.95 3465004.04 13.4
 v 18449420.44 3466025.83 14.5
 v 18437233 3460916.88 14.6
 v 18437233.15 3460916.564 13
 v 18437232.55 3460917.827 14.3
 v 18437231.8 3460922.565 10.2
 v 18437234.8 3460913.09 9.8
 v 18437290.29 3461102.963 54.4
 v 18437123.83 3460153.6 25
 v 18437040.59 3457875.13 0
 v 18437456.75 3462432.07 9.8
 v 18437813.76 3462242.018 9.8
 v 18435671.68 3463192.278 9.8
 v 18434481.63 3464142.537 9.8
 v 18439241.82 3459391.24 13.2
 v 18439326.68 3459483.402 12.9
 v 18438817.51 3458930.43 14.5
 v 18437968.88 3458561.782 16.8
 v 18441363.39 3460773.67 16.8
 v 18440614.56 3460086.438 20.1
 v 18443609.89 3461460.903 19.2
 v 18445294.77 3462319.943 12.6
 v 18436870.39 3458024.74 10.1
 v 18437856.61 3458188.603 10.4
 v 18433911.74 3457533.15 22.7
 v 18431692.75 3459499.51 11.4
 v 18442787.69 3459499.51 14.3
 v 18442418.89 3459690.411 15.2
 v 18443525.29 3458735.907 22.7
 v 18444078.48 3458125.024 17.3
 v 18441312.5 3461790.32 11.3
 v 18442405.36 3461698.259 16.2
 v 18440219.64 3462158.565 12.5
 v 18438033.92 3462772.307 16.9
 v 18442405.36 3460317.34 11.3
 v 18442395.85 3460291.027 12.9
 v 18442424.38 3460343.653 22.7
 v 18442435.79 3460378.738 24.1
 v 18442367.32 3460238.4 16
 v 18442507.46 3460208.998 16.2
 v 18442227.18 3460385.412 10.8
 v 18441666.62 3460605.93 16.2
 v 18442787.74 3459503.34 16.4
 v 18442452.27 3460326.524 15.2
 v 18444465.11 3457033.787 10.6
 v 18445723.14 3466912 17.3
 v 18439433 3466912 12.5
 v 18439488.47 3466826.229 17.5
 v 18439155.67 3467340.856 16
 v 18438601.02 3464767.72 17.6
 v 18440819.64 3464767.72 16
 v 18441246.42 3464631.16 17.5
 v 18439112.53 3465177.4 13.2
 v 18438258.98 3465996.76 10.1
 v 18442526.75 3462719.32 17
 v 18442309.44 3462394.137 16.2
 v 18442961.37 3463044.503 0
 v 18443540.86 3463857.459 14
 v 18441222.9 3461418.59 12.4
 v 18441123.32 3461301.558 75.9
 v 18441720.8 3461652.653 16.6
 v 18442318.27 3462120.78 17.6
 v 18438733.42 3460716.4 19.2
 v 18439327.99 3460935.802 10.1
 v 18436949.72 3460058.193 8.6
 v 18434274.16 3459399.985 11.5
 v 18442300.83 3463349.23 11.3
 v 18441069.41 3461920.337 14.6
 v 18443532.25 3464778.123 16.3
 v 18447226.51 3466683.314 14.5
 v 18439837.99 3459062.55 13.9
 v 18439838.93 3459062.566 16.6
 v 18439834.24 3459062.503 16.6
 v 18439832.74 3459062.317 14.7
 v 18439841.74 3459062.69 11.5
 v 18441041.23 3460248.845 17.5
 v 18435043.78 3457876.535 17.5
 v 18433124.6 3456690.38 12
 v 18444639.7 3461435 17.3
 v 18444568.44 3460936.013 17.3
 v 18444853.47 3462432.975 11.7
 v 18445209.75 3463031.76 20.1
 v 18443784.62 3459439.05 20.1
 v 18442768.5 3459513.017 16.3
 v 18447849.11 3459069.213 18
 v 18435655.65 3458144.619 21.3
 v 18435655.65 3460918.4 21.5
 v 18435670.75 3460341.028 15.1
 v 18435625.45 3462073.145 12.8
 v 18435587.7 3462939.204 12.8
 v 18435776.45 3458608.91 11
 v 18436054.82 3459042.602 11
 v 18434662.98 3458175.218 13.8
 v 18433326.81 3456874.142 13.8
 v 18441343.81 3460777.37 15.9
 v 18443963.19 3460801.084 8.6
 v 18438724.43 3460682.514 14.6
 v 18436978.18 3460568.687 14.6
 v 18443963.19 3461251.65 12
 v 18443314.39 3460450.273 9.5
 v 18445260.78 3464457.16 19.9
 v 18448504.76 3466594.167 21
 v 18438772.82 3458046.14 17.3
 v 18439005.27 3458259.121 21
 v 18438540.37 3457194.217 21.7
 v 18438191.7 3456512.678 21.7
 v 18439935.07 3460601.91 21.7
 v 18439704.88 3460360.254 14.6
 v 18440625.63 3461810.19 14.6
 v 18442006.75 3462293.502 14.6
 v 18439244.51 3459393.63 16.6
 v 18439053.35 3458906.783 18.2
 v 18440200.3 3459880.477 14.6
 v 18440773.77 3460854.17 14.3
 v 18437332.94 3457933.09 18
 v 18437434.38 3458304.443 14.3
 v 18436825.72 3457561.737 18.6
 v 18435304.06 3456819.03 12.9
 v 18439869.04 3459047.15 18.9
 v 18439919.04 3459252.078 18.8
 v 18439619.05 3458227.438 15.8
 v 18439119.08 3456178.156 8.4
 v 18440619 3462326 7
 v 18440513.67 3461916.561 10.5
 v 18441040.32 3464373.195 8.4
 v 18441672.31 3458231.61 9.5
 v 18438512.39 3458231.61 9.5
 v 18439296.51 3459352.958 9.5
 v 18437728.27 3457110.262 9.5
 v 18433023.54 3462717 10.5
 v 18442433 3462717 9.5
 v 18442416.48 3462747.28 10.2
 v 18442449.52 3462686.72 8.4
 v 18442548.61 3462656.44 8.4
 v 18442350.42 3462747.28 10.5
 v 18442031.58 3457434.35 0
 v 18442988.1 3457434.35 61
 v 18446814.19 3457434.35 10.5
 v 18439162.01 3457434.35 10.5
 v 18440036.47 3457736.82 10.5
 v 18437413.08 3456224.47 9.8
 v 18435226.92 3462273.87 10.2
 v 18446157.72 3462273.87 10.2
 v 18444124.88 3461881.526 10.2
 v 18448190.56 3463450.903 13.3
 v 18440059.19 3464922.193 13.1
 v 18440059.19 3457565.74 8.6
 v 18440207.29 3457726.392 45
 v 18439614.88 3456762.483 10.5
 v 18438726.25 3460778.77 93
 v 18441392.13 3460778.77 41
 v 18435110.13 3461449.461 28
 v 18447674.13 3458096.006 84
 v 18434441.05 3457922.872 7
 v 18434441.05 3458615.41 33
 v 18444915.37 3458203.623 25
 v 18444915.37 3459438.985 47
 v 18444063.58 3458989.582 23
 v 18447470.74 3461685.999 34
 v 18437079.73 3459706.162 9.9
 v 18437079.73 3465645.671 60.6
 v 18435525.21 3466561.095 73.4
 v 18444852.3 3461068.551 58.1
 v 18444093.75 3459049.812 49.9
 v 18448645.04 3467124.768 5.8
 v 18448311.69 3467574.353 72.7
 v 18449978.41 3465326.431 6.6
 v 18433671.67 3467214.51 23
 v 18433671.67 3459662.193 11.1
 v 18433547.79 3459957.582 40.7
 v 18434167.18 3458480.64 20
 v 18432887.06 3458801.267 25
 v 18439287.67 3457839.385 39
 v 18437356.89 3456694.325 18.3
 v 18448941.58 3463564.685 25
 v 18439034.54 3465869.709 6.2
 v 18439034.54 3456649.614 30
 v 18440875.68 3456755.846 29
 v 18435352.27 3456437.152 10.5
 v 18447098.23 3459642.733 36
