v 18435455.4 3459193.29 8.4
v 18435800.8 3459517.753 7
v 18434764.59 3458868.827 10.5
v 18438909.43 3460166.68 8.4
v 18443959.05 3461251.15 9.5
v 18442453 3462720	9.5
v 18449249.64 3463319.457 9.5
v 18435656.36 3460921.63 9.5
v 18432943.12 3462400.52 10.5
v 18443796.08 3459442.74 9.5
v 18442854.27 3459508.46 10.2
v 18445799.32 3459927.51 8.4
v 18439909.22 3458251.31 8.4
v 18440622.29 3462323.27 10.5
v 18442015.66 3462639.688 0
v 18437835.56 3460741.18 61
v 18435954.58 3458518.19 10.5
v 18445359.48 3462964.17 10.5
v 18439748.07 3463083.9 10.5
v 18441822.28 3463565.62 9.8
v 18441555.24 3464297.9 10.2
v 18440487.08 3465213.25 10.2
v 18442623.4 3460636.5 10.2
v 18441167.76 3460416.82 13.3
v 18439245 3459366	13.1
v 18435825.92 3458047.4 8.6
v 18444614.83 3458901.788 45
v 18444614.83 3457193.012 10.5
v 18444614.83 3461464.95 93
v 18440878 3465421	41
v 18445346 3462930	28
v 18446547.24 3464098.543 84
v 18440541.04 3458255.83 7
v 18440377.36 3456944.52 33
v 18441032.08 3462189.76 25
v 18439918.73 3458314.31 47
v 18439893.65 3459073.25 23
v 18440044.14 3457555.37 34
v 18442841.81 3459494.76 9.9
v 18442604.85 3459539.87 60.6
v 18443789.63 3459449.65 73.4
v 18444050.69 3458805.435 58.1
v 18442484.34 3460738.08 49.9
v 18443968.21 3461251.98 5.8
v 18439942 3460601	72.7
v 18442427.25 3458769.93 6.6
v 18444084.08 3462432.07 23
v 18437456.75 3462432.07 11.1
v 18441581.88 3462492.98 40.7	
v 18443793.44 3459450.89 20
v 18443778.26 3459455.84 25
v 18443329.54 3460476.345 39
v 18444675.71 3458435.335 18.3
v 18440188.47 3461496.85 25
v 18439644.56 3461879.76 6.2
v 18443971.36 3461252.55 30
v 18443326.45 3461210.534 29
v 18444616.27 3461462.63 10.5
v 18445222.37 3461205.27 36
v 18441585.75 3462492.07 10.5
v 18441970.63 3459361.71 12.7
v 18447822.5 3460416.08 10.5