v 18435455.4 3459193.29 8.4
v 18435800.8 3459517.753 7
v 18434764.59 3458868.827 10.5
v 18438909.43 3460166.68 8.4
v 18443959.05 3461251.15 9.5
v 18442453 3462720	9.5
v 18449249.64 3463319.457 9.5
v 18435656.36 3460921.63 9.5
v 18432943.12 3462400.52 10.5
v 18443796.08 3459442.74 9.5
v 18442854.27 3459508.46 10.2
v 18445799.32 3459927.51 8.4
v 18439909.22 3458251.31 8.4
v 18440622.29 3462323.27 10.5
v 18442015.66 3462639.688 0
v 18437835.56 3460741.18 61
v 18435954.58 3458518.19 10.5
v 18445359.48 3462964.17 10.5
v 18439748.07 3463083.9 10.5
v 18441822.28 3463565.62 9.8
v 18441555.24 3464297.9 10.2
v 18440487.08 3465213.25 10.2
v 18442623.4 3460636.5 10.2
v 18441167.76 3460416.82 13.3
v 18439245 3459366	13.1
v 18435825.92 3458047.4 8.6
v 18444614.83 3458901.788 45
v 18444614.83 3457193.012 10.5
v 18444614.83 3461464.95 93
v 18440878 3465421	41
v 18445346 3462930	28
v 18446547.24 3464098.543 84
v 18440541.04 3458255.83 7
v 18440377.36 3456944.52 33
v 18441032.08 3462189.76 25
v 18439918.73 3458314.31 47
v 18439893.65 3459073.25 23
v 18440044.14 3457555.37 34
v 18442841.81 3459494.76 9.9
v 18442604.85 3459539.87 60.6
v 18443789.63 3459449.65 73.4
v 18444050.69 3458805.435 58.1
v 18442484.34 3460738.08 49.9
v 18443968.21 3461251.98 5.8
v 18439942 3460601	72.7
v 18442427.25 3458769.93 6.6
v 18444084.08 3462432.07 23
v 18437456.75 3462432.07 11.1
v 18441581.88 3462492.98 40.7	
v 18443793.44 3459450.89 20
v 18443778.26 3459455.84 25
v 18443329.54 3460476.345 39
v 18444675.71 3458435.335 18.3
v 18440188.47 3461496.85 25
v 18439644.56 3461879.76 6.2
v 18443971.36 3461252.55 30
v 18443326.45 3461210.534 29
v 18444616.27 3461462.63 10.5
v 18445222.37 3461205.27 36
v 18441585.75 3462492.07 10.5
v 18441970.63 3459361.71 12.7
v 18447822.5 3460416.08 10.5
v 18436118.76 3457252.97	10.5
v 18444646 3461422	50
v 18447167.8 3461238.888	47
v 18439602.4 3462337.56	71.5
v 18439360.8 3463432.08	20
v 18439844 3459054	69
v 18438713.98	3464347.96	22
v 18438725.41	3464318.16	59.4
v 18437699.01	3466134.547	61.5
v 18436672.62	3458869	11.9
v 18442831	3458869	38.8
v 18441143.21	3460145.51	11.2
v 18442841.75	3459490.57	41.5
v 18444637.9	3461438.5	64.2
v 18444211.04	3461436.496	36.1
v 18446345.35	3461444.513	48.5
v 18441223	3461414.45	21
v 18445354.99	3462955.38	29
v 18436710	3460461	20.3
v 18436484.27	3460369.403	41
v 18437838.65	3460735.79	11.9
v 18437838.47	3460736.39	25
v 18437839.36	3460733.39	12.2
v 18442867.91	3459529.66	10.5
v 18442405.74	3459547.292	12.9
v 18443792.25	3459441.5	30
v 18441827	3463572	8.6
v 18442670.91	3464336.13	8.4
v 18437607.45	3462043.74	11.2
v 18436306.13	3462681.54	10.5
v 18442812.71	3458854.74	10.2
v 18436710.49	3460459.75	12.9
v 18439248.41	3459389.07	22
v 18435857.98	3458764.185	12.6
v 18434162.77	3458139.3	14.6
v 18442638.84	3460638.84	10.2
v 18442816	3458854	19
v 18443788	3459458.92	12.9
v 18445357.96	3462960.46	16.2
v 18446982.95	3462790.162	10.5
v 18437233	3463641.653	20.3
v 18437233	3460916.88	20.6
v 18437234.8	3460913.09	21.8
v 18437456.75	3462432.07	65.2
v 18435671.68	3463952.485	17.6
v 18439241.82	3459391.24	12.9
v 18438711.43	3459045.633	26.4
v 18441363.39	3460773.67	20
v 18436870.39	3458024.74	12.6
v 18433911.74	3457729.786	25.9
v 18442787.69	3459499.51	23.5
v 18441312.5	3461790.32	12.8
v 18441039.29	3463263.3	16.2
v 18442405.36	3460317.34	13.3
v 18442414.87	3460343.653	20.3
v 18442367.32	3460238.4	18.3
v 18442787.74	3459503.34	15.6
